 5 200 
 39 41 24 29 50 28 13 30 10 45 29 35 
 15 11 43 20 18 35 10 43 10 10 16 16 
 30 25 42 30 44 32 35 43 12 48 12 12 
 17 10 31 25 27 43 38 31 48 12 31 38 
 11 15 40 16 35 34 17 27 15 32 28 48 
 48 30 18 42 19 48 30 49 48 27 50 30 
 43 15 39 30 24 19 29 22 26 21 18 19 
 27 31 22 35 13 21 42 15 14 48 38 42 
 23 13 40 25 32 19 16 29 21 37 13 10 
 11 31 16 43 19 17 15 30 21 10 38 25 
 42 42 28 21 13 48 30 12 13 22 16 12 
 26 21 33 49 32 48 35 11 42 16 50 49 
 11 39 33 48 12 26 21 21 21 48 30 13 
 36 46 49 43 42 23 31 16 49 31 33 31 
 50 17 32 49 28 33 16 28 47 27 48 47 
 44 25 44 47 18 24 21 37 40 21 16 20 
 23 33 46 23 42 20 27 37 
 29 27 27 38 11 29 39 48 33 33 50 24 
 38 41 12 43 39 26 30 38 24 48 14 30 
 18 17 38 37 32 45 17 50 33 22 14 33 
 32 37 33 12 20 16 43 33 44 34 25 28 
 38 13 20 19 35 42 35 38 31 10 39 42 
 50 12 39 46 23 22 44 29 17 23 28 26 
 47 48 45 27 33 17 16 23 31 17 48 44 
 40 14 24 47 47 37 12 40 48 38 44 46 
 30 29 18 35 16 39 50 33 49 23 47 16 
 22 50 32 45 17 19 21 33 49 21 43 18 
 38 26 17 11 25 47 13 25 25 40 14 44 
 43 25 32 13 29 29 14 32 31 40 33 29 
 21 26 25 46 39 48 25 35 39 19 46 36 
 22 10 47 41 42 35 43 23 34 13 27 28 
 16 20 48 43 41 25 14 31 50 36 36 41 
 29 50 18 15 27 47 23 11 45 32 35 26 
 22 28 48 42 10 42 41 16 
 19 21 17 36 40 12 44 25 14 34 47 37 
 42 29 24 39 46 47 50 16 20 20 23 35 
 48 17 27 26 38 38 31 36 33 44 10 19 
 19 15 22 24 50 35 20 29 23 39 39 21 
 40 25 38 26 44 16 50 39 25 34 32 42 
 24 18 29 23 33 50 48 16 12 18 47 39 
 35 43 16 33 46 19 50 40 20 18 35 35 
 50 27 27 49 47 13 50 14 43 49 22 35 
 23 28 43 32 18 13 47 39 32 50 27 41 
 21 40 42 50 19 50 21 16 19 29 22 34 
 24 45 38 45 48 42 29 43 28 39 43 50 
 40 41 24 34 49 36 18 27 28 19 30 43 
 14 13 33 42 15 48 14 43 18 42 50 15 
 41 42 24 22 16 49 30 29 41 32 17 30 
 32 11 10 21 30 44 25 12 47 31 38 43 
 26 38 17 42 29 28 33 28 24 18 13 23 
 21 13 40 32 31 45 15 36 
 39 15 37 33 30 50 32 30 20 12 16 50 
 42 43 40 38 42 17 27 41 46 32 39 16 
 18 39 40 16 25 26 44 14 24 34 25 13 
 38 22 48 45 24 18 47 29 20 33 42 33 
 27 11 47 32 37 33 15 11 50 19 13 41 
 39 12 41 11 10 44 36 48 27 33 23 45 
 50 15 16 50 37 29 19 33 18 40 40 38 
 11 17 10 15 17 36 38 20 12 50 18 27 
 42 49 24 42 14 46 25 17 34 42 29 36 
 17 21 40 39 31 43 49 35 28 33 47 36 
 50 41 42 12 12 29 21 25 28 43 39 43 
 20 29 33 29 15 42 44 13 46 47 47 10 
 26 26 48 17 30 13 20 38 19 13 10 50 
 25 14 49 44 21 48 22 32 27 45 17 24 
 18 31 29 25 13 33 16 29 28 28 26 37 
 43 23 20 25 20 43 21 24 44 37 15 43 
 16 35 10 13 25 41 27 27 
 50 12 50 14 14 34 39 10 46 33 28 48 
 16 16 11 41 11 46 46 49 23 16 27 19 
 36 44 12 48 45 12 21 19 20 17 25 19 
 25 36 38 34 29 16 30 17 24 32 30 47 
 16 50 28 12 44 41 25 10 41 23 13 13 
 42 48 34 21 23 27 47 22 28 30 10 13 
 35 19 21 17 22 42 27 44 41 29 48 25 
 28 48 23 10 20 30 50 12 15 39 13 14 
 19 50 20 19 48 18 29 25 23 34 48 15 
 14 23 27 29 37 27 38 14 23 23 29 13 
 25 30 13 39 49 11 21 15 30 45 26 30 
 33 12 37 20 16 41 47 38 43 46 50 43 
 15 38 24 47 40 43 47 11 50 18 48 31 
 28 36 33 43 20 38 37 48 17 30 13 32 
 20 49 50 10 38 25 25 41 17 41 48 48 
 12 29 29 37 34 18 33 22 44 33 17 32 
 20 46 39 49 36 20 12 10 
 